9.116199322194505628e-03
7.540895535243405737e-03
1.025340661905403961e-01
7.828255489073694673e-02
1.042158062687766479e-01
2.100091096949889199e-02
7.950387304179847014e-02
2.001637919244870709e-02
9.842181363186523757e-02
2.337571277927473837e-02
1.548654475858057128e-02
3.653921487842405891e-01
3.854233081391280069e-01
3.333502690322977524e-01
3.141457893839083026e-01
3.652506456376732880e-01
2.264232106542648226e-01
1.077346402614718091e-01
8.013063237154321745e-04
3.465190408731093075e-01
9.019364036084778768e-02
2.613665408138710414e-02
1.028522920164871672e-02
2.429187272883883558e-02
0.000000000000000000e+00
1.992158764730224130e-01
1.031980250146221495e-01
2.439872938969468719e-01
1.365552418533577395e-01
6.418529318780583082e-02
6.293255888464178993e-02
1.957220063227095228e-02
7.601819674846005404e-02
1.805473266157209614e-02
1.196136469111415586e-02
2.822184557634491164e-01
2.976899509203579375e-01
2.574702233412711205e-01
2.426372319698297531e-01
2.821091627760579645e-01
6.215726231207809732e-02
7.397706816645058248e-02
3.862901173842783198e-01
4.030338073074662408e-01
3.852039428667020093e-01
1.973121390672427089e-01
2.165247650202527935e-02
7.552083517858861061e-03
0.000000000000000000e+00
1.538686510064479485e-01
7.970720595494248939e-02
1.884488146190540225e-01
1.054713671612450970e-01
4.957488656080303452e-02
4.860731037807114463e-02
1.511700855289462367e-02
6.546702582895376488e-02
3.702899576921778874e-02
9.202425326754098966e-02
6.345206173747798550e-02
8.130144771547098692e-02
6.515008000985164638e-02
2.458971587390782962e-02
2.404569217275268414e-02
6.660086945816780235e-02
7.926567027863416770e-02
4.139059013204228199e-01
4.318465934510283266e-01
4.127420764580811974e-01
2.114179345697430601e-01
2.320040663498165040e-02
8.091980080859560720e-03
2.493637934020165037e-01
3.867093707779563627e-01
1.557074470294196877e-01
1.320766230667502483e-01
1.483412855529608332e-01
2.100533638101454992e-01
4.597390900628679951e-03
2.935342334208943665e-02
7.014724714156858609e-02
3.967618942112752928e-02
9.860304413159348691e-02
6.798823377084621533e-02
8.711366789083904716e-02
6.980764294508147449e-02
2.634762851537852946e-02
2.576471269580996731e-02
2.990714163653581184e-02
2.217045512173118280e-02
7.129223076071582697e-03
2.908377562287454976e-02
1.436781427640656250e-01
3.273791236357702361e-02
1.778833296104980199e-01
7.133424752659912882e-02
3.297770328767636316e-01
1.569115193659342822e-01
1.167073027083609686e-03
5.046921682818367172e-01
1.313637017009327279e-01
3.806707010019091258e-02
1.498005597030549300e-02
3.538021428275137104e-02
0.000000000000000000e+00
2.901505568063534324e-01
1.503041070291576409e-01
3.553584705758190410e-01
1.988876597591031636e-01
9.348350586778091109e-02
9.165894468305681164e-02
2.850618641405374201e-02
1.579020886751612007e-01
9.197758580818943264e-02
7.389600147062215518e-02
3.090495950233278569e-02
2.949222955580282218e-02
5.501481930091656897e-02
7.087805510419588340e-02
3.620554977459580215e-01
1.218759434813577180e-01
8.541905667839479188e-02
5.288745865133089030e-02
1.659387143692661881e-01
1.568115628044977616e-01
1.993975071309991576e-01
3.976129638548016321e-02
5.417404584509329102e-02
0.000000000000000000e+00
3.414961078702486441e-01
1.769021852390485205e-01
4.182433283467997809e-01
2.340831686098931164e-01
1.100265109097101762e-01
1.078790721799259833e-01
3.355069112316089175e-02
1.452975272623393543e-01
8.218215894413653799e-02
2.042386419519225949e-01
1.408255156457010882e-01
1.804404456492335607e-01
1.445940976623451002e-01
5.457441921826493986e-02
5.336701293167921828e-02
1.434433240453002467e-01
1.005349626576392819e-01
6.224651602730519456e-02
1.953035200960070994e-01
1.845612117936643315e-01
2.346832394663021792e-01
4.679752508136332534e-02
6.376077994580871267e-02
3.470387367541138413e-01
3.470066079956917182e-01
2.769982820773684781e-02
1.252239740769089116e-01
1.015129045488866316e-01
8.768551464223320324e-02
1.422733662978599260e-02
7.212071161830235777e-02
1.579286095105774945e-01
8.932646228170770808e-02
2.219936246647761235e-01
1.530678345914306959e-01
1.961265908496891974e-01
1.571640289928712686e-01
5.931871177976957149e-02
5.800634260496230488e-02
6.733255381443298271e-02
4.991427735610740046e-02
1.605064108962737240e-02
6.547883816692706693e-02
3.234751216679566665e-01
7.370571460095146077e-02
4.004842391576921012e-01
1.606010069022821840e-01
3.772076935826177424e-01
3.771727717898074039e-01
3.010784446889643376e-02
1.361100114776751524e-01
1.103376785885676475e-01
9.530823863687763742e-02
1.546415505698284405e-02
7.839034784278861578e-02
2.567324716722058642e-01
1.932726609830899556e-01
8.239700845749975411e-02
1.394605387148556419e-01
1.485843009251196500e-01
9.171445975140425644e-02
1.576527650722027718e-01
5.687601849408715701e-03
2.493834422715069388e-01
1.452652536335790612e-01
1.167080142603774129e-01
4.880990016419996247e-02
4.657869815780684569e-02
8.688792610864118360e-02
1.119416057868423825e-01
5.718141354479372440e-01
1.924853722359260999e-01
1.349070083161856004e-01
8.352806857795304352e-02
2.620761266853693372e-01
2.476611148609325075e-01
3.149194359992537606e-01
6.279719948599056523e-02
8.556004640582694221e-02
2.119469392758931425e-01
1.726069053777625623e-02
7.911379243407698492e-02
6.053498275303841741e-02
1.112764407407347556e-01
1.136596449336167852e-01
5.001758378260766358e-02
1.721752243767941115e-01
1.103174664846946762e-01
5.687199481131074985e-02
8.733985769870702964e-02
2.061398685160318045e-01
7.057538867849147413e-02
7.683372713100911078e-02
9.005948331491159253e-02
2.273421612808634029e-01
1.776603727906021779e-01
1.245166274772385312e-01
7.709483390690820281e-02
2.418913282894625538e-01
2.285865439063072546e-01
2.906647073942752457e-01
5.796063223553668542e-02
7.897031116634296855e-02
4.298215462787552954e-01
4.297817535087775642e-01
3.430736033465059398e-02
1.550949691447368883e-01
1.257278481605495213e-01
1.086020651247265739e-01
1.762113326840451105e-02
8.932442549912389396e-02
1.018209435518216965e-01
5.249177993192376268e-02
8.061304346395586906e-02
1.902632156519191153e-01
6.513975434504327977e-02
7.091608285046994975e-02
8.312320667902638183e-02
2.098325324932973357e-01
2.752015177916736777e-01
1.186300717947624678e-01
7.084629042103066099e-02
1.219866950444700587e-01
2.418367780121071994e-02
6.921835995368771921e-02
4.581126977625388230e-02
2.799030576152917726e-01
4.462885851309407736e-01
4.462472678466734566e-01
3.562172123730351220e-02
1.610368650426883541e-01
1.305446503390022828e-01
1.127627556283074123e-01
1.829622247382598280e-02
9.274656382112714259e-02
3.037498266579310435e-01
2.286681419337041055e-01
9.748699443073680082e-02
1.650009996177867200e-01
1.757956652546847909e-01
1.085108208948497993e-01
1.865249056767812608e-01
6.729215297950398925e-03
2.857448563583189216e-01
1.231749486586481979e-01
7.356050665099071739e-02
1.266601686386584491e-01
2.511018687314775857e-02
7.187020798808735345e-02
4.756636085022317856e-02
2.906265184666639856e-01
1.368338626121434753e-01
8.716675316803604301e-02
7.103913779741448387e-02
7.773612858003726978e-02
5.193054615552227665e-02
1.204551754320101753e-02
2.503879609004096632e-02
1.591171527850439027e-01
