0.01557585
0.01781392
0.03466002
0.00433682
0.02774232
0.00354555
0.02258596
0.02992525
0.09790975
0.01428470
0.06340263
0.11499043
0.09579744
0.03502186
0.01858525
0.08914017
0.33440952
0.10670939
0.09096701
0.03225603
0.01963275
0.01643918
0.18365875
0.37254400
0.50408635
0.09349540
0.31224982
0.13270397
0.21185874
0.25404242
0.36438792
0.15633831
0.09626577
0.01404485
0.06233805
0.11305965
0.09418893
0.03443382
0.01827319
0.08764344
0.06641853
0.05193750
0.04825051
0.05827319
0.07063758
0.02003273
0.04198218
0.05977463
0.49562234
0.09192553
0.30700689
0.13047577
0.20830146
0.24977684
0.35826956
0.15371326
0.47320444
0.04937582
0.13016820
0.01756407
0.03613446
0.04341559
0.11585347
0.22108421
0.11171501
0.08735812
0.08115666
0.09801466
0.11881139
0.03369476
0.07061342
0.10054006
0.03463213
0.01145065
0.01474532
0.01209925
0.04028952
0.07141617
0.08456709
0.05215799
0.79592299
0.08304942
0.21894101
0.02954251
0.06077764
0.07302439
0.19486385
0.37186043
0.04976929
0.01014848
0.05821560
0.01082015
0.04883889
0.08097295
0.15592116
0.03525085
0.23266046
0.07424148
0.06328895
0.02244165
0.01365919
0.01143731
0.12777785
0.25919197
0.35071060
0.06504804
0.21724318
0.09232682
0.14739757
0.17674625
0.25351749
0.10877006
0.19811821
0.32149821
0.00000000
0.00327824
0.01512229
0.09679121
0.22798383
0.15673723
0.14702530
0.25833240
0.21118369
0.25285664
0.23920259
0.21812454
0.08353997
0.05081844
0.38572391
0.07154213
0.23893172
0.10154430
0.16211306
0.19439176
0.27882749
0.11962915
0.36827692
0.03842731
0.10130493
0.01366945
0.02812207
0.03378869
0.09016432
0.17206139
0.16170361
0.28412310
0.23226728
0.27810066
0.26308346
0.23990108
0.09188021
0.05589191
0.06891697
0.07648251
0.07364188
0.09219160
0.07724413
0.02977561
0.15993673
0.04364876
0.72100812
0.07523253
0.19833357
0.02676188
0.05505705
0.06615110
0.17652262
0.33685971
0.04508484
0.00919327
0.05273615
0.00980172
0.04424202
0.07335151
0.14124535
0.03193293
0.13492481
0.14973655
0.14417518
0.18049161
0.15122764
0.05829433
0.31312221
0.08545501
0.07076434
0.05848698
0.10151143
0.04659237
0.01510899
0.01742347
0.02245270
0.03931465
0.21589411
0.35034422
0.00000000
0.00357237
0.01647912
0.10547568
0.24843938
0.17080028
0.16021695
0.28151094
0.23013187
0.27554387
0.26066473
0.23769549
0.09103549
0.05537806
0.32312761
0.05648275
0.01689661
0.05988229
0.10579311
0.15575286
0.12292916
0.16160383
0.10451852
0.39509332
0.00804502
0.01553097
0.03881667
0.03144813
0.01264567
0.02461441
0.20668826
0.36316387
0.29688217
0.35546604
0.33627117
0.30663964
0.11744055
0.07144060
0.08808911
0.09775934
0.09412846
0.11783857
0.09873283
0.03805895
0.20442985
0.05579149
0.13483437
0.50969110
0.01037849
0.02003577
0.05007554
0.04056974
0.01631357
0.03175388
0.02564951
0.01337829
0.04300487
0.02848468
0.02291576
0.02175631
0.01610903
0.00854587
0.22043443
0.24463322
0.23554730
0.29487954
0.24706930
0.09523880
0.51156579
0.13961277
0.11561178
0.09555356
0.16584507
0.07612063
0.02468443
0.02846573
0.03668227
0.06423061
0.06418541
0.03347787
0.10761551
0.07128015
0.05734447
0.05444304
0.04031128
0.02138520
0.21911712
0.34756105
0.30824426
0.16075105
0.06220938
0.06277373
0.00000000
0.08614717
